12
11111112
1222222222
1333333333332
132
1111113333332222112131313131313222222
1111133333322222211231313131313
133333332222222222111121313131322
1111333332222211111111121313131
11113333111213133331311322222
111113333333322222121111333222
12222333332
111111122221213131313122222
11312
3
111111113
11113232323223321311313
1111322222
1323232311313
113222222221131313
3131313131313
131131311313113
1111113232323232232323232322223131313
323232323232323232323313131311313131
333333333333333
33333333333322222222222222
323232323232323232
323
31
331
